function y = filter_6_12_16()
%FILTER_6_1.2_1 Filters input x and returns output y.

% MATLAB Code
% Generated by MATLAB(R) 9.1 and the DSP System Toolbox 9.3.
% Generated on: 21-May-2018 10:11:39

%#codegen

% To generate C/C++ code from this function use the codegen command. Type
% 'help codegen' for more information.  
    y = [4.99839574447198e-05 -0.00161865614808353 ...
        -0.00645886217813751 -0.0107997653601325 -0.00690620027789368 ...
        0.00481462847427963 0.00991134949054775 -0.00162364080010815 ...
        -0.0142191533553922 -0.0043073873178747 0.0180395982454785 ...
        0.0142973989451196 -0.0192948812306224 -0.0292191202903265 ...
        0.0152381742105882 0.0507741189205503 -0.000774190870372147 ...
        -0.0857082793124672 -0.041972648327848 0.182538312804175 ...
        0.408416700026749 0.408416700026749 0.182538312804175 -0.041972648327848 ...
        -0.0857082793124672 -0.000774190870372147 0.0507741189205503 ...
        0.0152381742105882 -0.0292191202903265 -0.0192948812306224 ...
        0.0142973989451196 0.0180395982454785 -0.0043073873178747 ...
        -0.0142191533553922 -0.00162364080010815 0.00991134949054775 ...
        0.00481462847427963 -0.00690620027789368 -0.0107997653601325 ...
        -0.00645886217813751 -0.00161865614808353 4.99839574447198e-05];
end

% [EOF]
