function y = filter_3_45_18(x)
%FILTER_3_45_18 Filters input x and returns output y.

% MATLAB Code
% Generated by MATLAB(R) 9.1 and the DSP System Toolbox 9.3.
% Generated on: 12-Jun-2018 10:41:46

%#codegen

% To generate C/C++ code from this function use the codegen command. Type
% 'help codegen' for more information.


    % The following code was used to design the filter coefficients:
    % % FIR Window Lowpass filter designed using the FIR1 function.
    %
    % % All frequency values are in kHz.
    % Fs = 18;  % Sampling Frequency
    %
    % Fpass = 3;               % Passband Frequency
    % Fstop = 4.5;             % Stopband Frequency
    % Dpass = 0.057501127785;  % Passband Ripple
    % Dstop = 0.0001;          % Stopband Attenuation
    % flag  = 'scale';         % Sampling Flag
    %
    % % Calculate the order from the parameters using KAISERORD.
    % [N,Wn,BETA,TYPE] = kaiserord([Fpass Fstop]/(Fs/2), [1 0], [Dstop Dpass]);
    %
    % % Calculate the coefficients using the FIR1 function.
    % b  = fir1(N, Wn, TYPE, kaiser(N+1, BETA), flag);
    
y=[2.21284443676057e-05 5.19894105125966e-05 ...
        -4.74289853960412e-05 -0.000207776288271972 -4.30727317744477e-05 ...
        0.000456353797360531 0.00043309343229975 -0.000604935724167566 ...
        -0.00125042813162423 0.00023556917419265 0.00234314163089127 ...
        0.00116593256620618 -0.00307378763608832 -0.00386243632287293 ...
        0.00231681042867153 0.007396740151545 0.00119074477933517 ...
        -0.0102392555425156 -0.00815426497363032 0.00981827034437426 ...
        0.0179023434416635 -0.00303789641928353 -0.0277724817876288 ...
        -0.0129680645194664 0.0328280013767732 0.0407130594973253 ...
        -0.0249808581191545 -0.0859008871210112 -0.0162136553494367 ...
        0.194318533123875 0.387164518052929 0.387164518052929 0.194318533123875 ...
        -0.0162136553494367 -0.0859008871210112 -0.0249808581191545 ...
        0.0407130594973253 0.0328280013767732 -0.0129680645194664 ...
        -0.0277724817876288 -0.00303789641928353 0.0179023434416635 ...
        0.00981827034437426 -0.00815426497363032 -0.0102392555425156 ...
        0.00119074477933517 0.007396740151545 0.00231681042867153 ...
        -0.00386243632287293 -0.00307378763608832 0.00116593256620618 ...
        0.00234314163089127 0.00023556917419265 -0.00125042813162423 ...
        -0.000604935724167566 0.00043309343229975 0.000456353797360531 ...
        -4.30727317744477e-05 -0.000207776288271972 -4.74289853960412e-05 ...
        5.19894105125966e-05 2.21284443676057e-05];
end


% [EOF]
