function y = filter_6_12_72(x)
%FILTER_6_12_72 Filters input x and returns output y.

% MATLAB Code
% Generated by MATLAB(R) 9.1 and the DSP System Toolbox 9.3.
% Generated on: 13-Jun-2018 09:22:16

%#codegen

% To generate C/C++ code from this function use the codegen command. Type
% 'help codegen' for more information.
    % The following code was used to design the filter coefficients:
    % % FIR Window Lowpass filter designed using the FIR1 function.
    %
    % % All frequency values are in kHz.
    % Fs = 72;  % Sampling Frequency
    %
    % Fpass = 6;                % Passband Frequency
    % Fstop = 12;               % Stopband Frequency
    % Dpass = 0.0057563991496;  % Passband Ripple
    % Dstop = 0.0001;           % Stopband Attenuation
    % flag  = 'scale';          % Sampling Flag
    %
    % % Calculate the order from the parameters using KAISERORD.
    % [N,Wn,BETA,TYPE] = kaiserord([Fpass Fstop]/(Fs/2), [1 0], [Dstop Dpass]);
    %
    % % Calculate the coefficients using the FIR1 function.
    % b  = fir1(N, Wn, TYPE, kaiser(N+1, BETA), flag);
    
    y=[-2.57683226725387e-05 -6.05410793180227e-05 ...
        -4.74275192570082e-05 8.01961746356959e-05 0.00030486436855624 ...
        0.000456339690414976 0.000272245497130415 -0.000380266738480486 ...
        -0.00125038947801453 -0.00166733440352994 -0.00090439095331781 ...
        0.00116589652454877 0.00357939086533963 0.00449776332292143 ...
        0.00231673881073217 -0.00285494687512997 -0.00842796916537852 ...
        -0.010238939023575 -0.00512582679836771 0.00617183196861539 ...
        0.0179017900390499 0.0215019186257777 0.0107194464682706 ...
        -0.0129676636467638 -0.0382278355458915 -0.0474098963616782 ...
        -0.0249800859033705 0.0331554798779564 0.114758586150945 ...
        0.194312526291057 0.243374267138794 0.243374267138794 0.194312526291057 ...
        0.114758586150945 0.0331554798779564 -0.0249800859033705 ...
        -0.0474098963616782 -0.0382278355458915 -0.0129676636467638 ...
        0.0107194464682706 0.0215019186257777 0.0179017900390499 ...
        0.00617183196861539 -0.00512582679836771 -0.010238939023575 ...
        -0.00842796916537852 -0.00285494687512997 0.00231673881073217 ...
        0.00449776332292143 0.00357939086533963 0.00116589652454877 ...
        -0.00090439095331781 -0.00166733440352994 -0.00125038947801453 ...
        -0.000380266738480486 0.000272245497130415 0.000456339690414976 ...
        0.00030486436855624 8.01961746356959e-05 -4.74275192570082e-05 ...
        -6.05410793180227e-05 -2.57683226725387e-05];
end


% [EOF]
