function y = filter_3_6_18(x)
%FILTER_3_6_18 Filters input x and returns output y.

% MATLAB Code
% Generated by MATLAB(R) 9.1 and the DSP System Toolbox 9.3.
% Generated on: 12-Jun-2018 10:38:44

%#codegen

% To generate C/C++ code from this function use the codegen command. Type
% 'help codegen' for more information.
    
    % The following code was used to design the filter coefficients:
    % % FIR Window Lowpass filter designed using the FIR1 function.
    %
    % % All frequency values are in kHz.
    % Fs = 18;  % Sampling Frequency
    %
    % Fpass = 3;               % Passband Frequency
    % Fstop = 6;               % Stopband Frequency
    % Dpass = 0.057501127785;  % Passband Ripple
    % Dstop = 0.0001;          % Stopband Attenuation
    % flag  = 'scale';         % Sampling Flag
    %
    % % Calculate the order from the parameters using KAISERORD.
    % [N,Wn,BETA,TYPE] = kaiserord([Fpass Fstop]/(Fs/2), [1 0], [Dstop Dpass]);
    %
    % % Calculate the coefficients using the FIR1 function.
    % b  = fir1(N, Wn, TYPE, kaiser(N+1, BETA), flag);
    
    y = [-3.88088839600292e-05 -0.00016928468417339 ...
        0.000446647878001081 0.000956918092485686 -0.00181186523686661 ...
        -0.00315191017452243 0.00515085339700524 0.00802580059620465 ...
        -0.0120591928277429 -0.0176478659356864 0.0254147578330945 ...
        0.0364805986311719 -0.0532131903870528 -0.0817854524842695 ...
        0.144969744045048 0.448432250141263 0.448432250141263 0.144969744045048 ...
        -0.0817854524842695 -0.0532131903870528 0.0364805986311719 ...
        0.0254147578330945 -0.0176478659356864 -0.0120591928277429 ...
        0.00802580059620465 0.00515085339700524 -0.00315191017452243 ...
        -0.00181186523686661 0.000956918092485686 0.000446647878001081 ...
        -0.00016928468417339 -3.88088839600292e-05];
end


% [EOF]
