function y = filter_6_62_72(x)
%FILTER_6_6#2_72 Filters input x and returns output y.

% MATLAB Code
% Generated by MATLAB(R) 9.1 and the DSP System Toolbox 9.3.
% Generated on: 13-Jun-2018 09:15:20

%#codegen

% To generate C/C++ code from this function use the codegen command. Type
% 'help codegen' for more information.

    % The following code was used to design the filter coefficients:
    % % Equiripple Lowpass filter designed using the FIRPM function.
    %
    % % All frequency values are in kHz.
    % Fs = 72;  % Sampling Frequency
    %
    % Fpass = 6;                % Passband Frequency
    % Fstop = 6.2;              % Stopband Frequency
    % Dpass = 0.0057563991496;  % Passband Ripple
    % Dstop = 1e-05;            % Stopband Attenuation
    % dens  = 20;               % Density Factor
    %
    % % Calculate the order from the parameters using FIRPMORD.
    % [N, Fo, Ao, W] = firpmord([Fpass, Fstop]/(Fs/2), [1 0], [Dpass, Dstop]);
    %
    % % Calculate the coefficients using the FIRPM function.
    % b  = firpm(N, Fo, Ao, W, {dens});
    
    y=[2.34483919865568e-06 2.00747202965833e-05 ...
        3.91805093718121e-05 7.24442231092868e-05 0.000117230565614148 ...
        0.000172777389882259 0.000235413021668903 0.000299246018578441 ...
        0.000356553209096407 0.000398787827234683 0.00041792548354752 ...
        0.000408002679219458 0.000366503576045531 0.000295323168087705 ...
        0.000201007196854348 9.41724987445721e-05 -1.1928302181976e-05 ...
        -0.000103464796726021 -0.000168395458641348 -0.000198650007553673 ...
        -0.000191729523730813 -0.00015131639405994 -8.67411095617696e-05 ...
        -1.13146394228215e-05 6.01296552102911e-05 0.0001140677833961 ...
        0.000140887093356521 0.000136737630562413 0.00010418145239042 ...
        5.15457185603552e-05 -8.9497283901477e-06 -6.38683922026217e-05 ...
        -0.000101482814296797 -0.00011426835220124 -0.000100478462897353 ...
        -6.43824078914301e-05 -1.51578124584073e-05 3.53159422286388e-05 ...
        7.52379164253882e-05 9.56406758403833e-05 9.23934062679792e-05 ...
        6.70806958516657e-05 2.65033645594342e-05 -1.90604928176021e-05 ...
        -5.83956088562459e-05 -8.2066658867818e-05 -8.47042151722417e-05 ...
        -6.62071382272424e-05 -3.17104685706831e-05 9.7998497199999e-06 ...
        4.77658573995731e-05 7.27127016646774e-05 7.86162924278621e-05 ...
        6.43519733558325e-05 3.39319357928282e-05 -4.59330125895666e-06 ...
        -4.12137827133707e-05 -6.65482325632956e-05 -7.42306153924261e-05 ...
        -6.25177650276964e-05 -3.46957265258902e-05 1.81008420790458e-06 ...
        3.73889525683078e-05 6.27560781347513e-05 7.13615029724247e-05 ...
        6.10894904582753e-05 3.47854807728668e-05 -5.08256071435503e-07 ...
        -3.54199208647448e-05 -6.0715132614871e-05 -6.97373223017973e-05 ...
        -6.01528563336965e-05 -3.45677541371859e-05 1.68974895825118e-07 ...
        3.4779428082635e-05 6.00261786250967e-05 6.91622926612205e-05 ...
        5.9741016817456e-05 3.42710570192303e-05 -4.36695678864704e-07 ...
        -3.50809416587891e-05 -6.03483098762531e-05 -6.94146531271263e-05 ...
        -5.97792971452812e-05 -3.39667168328468e-05 1.13413732103718e-06 ...
        3.60928483053536e-05 6.14636454364525e-05 7.03302739102634e-05 ...
        6.01914752068756e-05 3.36628820711337e-05 -2.18253710848925e-06 ...
        -3.77001856607966e-05 -6.32523432210152e-05 -7.18245523369236e-05 ...
        -6.09429570761523e-05 -3.33899805080733e-05 3.50003855652636e-06 ...
        3.97878378447304e-05 6.55978894109194e-05 7.38007393370595e-05 ...
        6.19812573745156e-05 3.31421201307128e-05 -5.04661536890682e-06 ...
        -4.22868645933257e-05 -6.8415705978526e-05 -7.61829711172549e-05 ...
        -6.32496930580417e-05 -3.28958685915375e-05 6.81314772929834e-06 ...
        4.51554749125976e-05 7.16499837962264e-05 7.89087946022089e-05 ...
        6.47015249572267e-05 3.26233358575029e-05 -8.7994377856642e-06 ...
        -4.8376781899698e-05 -7.52666546458868e-05 -8.19461279659252e-05 ...
        -6.63062074754512e-05 -3.2311878610156e-05 1.10030758030041e-05 ...
        5.19242733353628e-05 7.9225859792615e-05 8.52413155090806e-05 ...
        6.80162737192155e-05 3.19212399643045e-05 -1.34430172659431e-05 ...
        -5.58007618245644e-05 -8.35120544972618e-05 -8.87733724658856e-05 ...
        -6.98049562068274e-05 -3.14346981025288e-05 1.61269301886323e-05 ...
        5.99947056815783e-05 8.80995944710281e-05 9.249961352697e-05 ...
        7.1625818921157e-05 3.08033214707381e-05 -1.90921466468626e-05 ...
        -6.45320396499664e-05 -9.29943877371414e-05 -9.64139878827351e-05 ...
        -7.34589592406832e-05 -3.00059567518302e-05 2.23601330816563e-05 ...
        6.94248969389161e-05 9.82039774932261e-05 0.000100514751810105 ...
        7.53033472015216e-05 2.90397407125526e-05 -2.59263501311638e-05 ...
        -7.4665078611749e-05 -0.000103710601112519 -0.000104783173579299 ...
        -7.71378632501936e-05 -2.78956787179292e-05 2.97874786764528e-05 ...
        8.0225835290562e-05 0.000109469510814217 0.000109155262973005 ...
        7.88938894302508e-05 2.65032184166891e-05 -3.40000398054192e-05 ...
        -8.61488287112618e-05 -0.000115499754859667 -0.000113632547999051 ...
        -8.05544133947712e-05 -2.48383141993848e-05 3.85935135046578e-05 ...
        9.24583136656939e-05 0.000121820432885094 0.00011822478962847 ...
        8.21266935825632e-05 2.29070752346744e-05 -4.35533239442448e-05 ...
        -9.91312539598156e-05 -0.000128396168245979 -0.000122892298647814 ...
        -8.35701305450547e-05 -2.06805967537196e-05 4.88923591265638e-05 ...
        0.000106155680073584 0.00013519247270839 0.000127577679496658 ...
        8.48156800282264e-05 1.8084250864815e-05 -5.46763703033852e-05 ...
        -0.000113584011754563 -0.00014224050918875 -0.000132293767616353 ...
        -8.58581248970911e-05 -1.51046662916384e-05 6.09241585432197e-05 ...
        0.000121430215167292 0.000149549178674451 0.000137041527970386 ...
        8.66975015449644e-05 1.17436637193231e-05 -6.76215318587548e-05 ...
        -0.00012966786020649 -0.000157076843075221 -0.000141771800781241 ...
        -8.72819526539412e-05 -7.95855640256495e-06 7.47979542286339e-05 ...
        0.000138305185588647 0.000164812500581075 0.000146454695561009 ...
        8.75716902906103e-05 3.7057877666428e-06 -8.24900331295942e-05 ...
        -0.000147368337074292 -0.000172767548660772 -0.0001510920516205 ...
        -8.75628720691687e-05 1.01392981656021e-06 9.0687895285502e-05 ...
        0.00015683200228625 0.000180904789826543 0.000155637964019067 ...
        8.7212788481353e-05 -6.23241133645831e-06 -9.94003220522059e-05 ...
        -0.000166680196094949 -0.000189180517288774 -0.000160029467453189 ...
        -8.64465160675796e-05 1.20218690051358e-05 0.000108689316092459 ...
        0.00017695363117538 0.000197615139251396 0.000164266427674369 ...
        8.52526563640058e-05 -1.83994204177558e-05 -0.000118566913793433 ...
        -0.000187657848834386 -0.000206203783298762 -0.000168340272304204 ...
        -8.36230314750185e-05 2.53618957380539e-05 0.000129014929058909 ...
        0.000198753898101698 0.000214892479192325 0.000172186525056249 ...
        8.1496640239422e-05 -3.29581271252446e-05 -0.000140058229117246 ...
        -0.000210241184617633 -0.000223653882661372 -0.000175761262241594 ...
        -7.88206522008954e-05 4.12360159692258e-05 0.000151733811138487 ...
        0.000222139009261666 0.000232493953997541 0.000179060453954831 ...
        7.55930539997916e-05 -5.0188638309351e-05 -0.000164015522193478 ...
        -0.000234402851618854 -0.000241349987324237 -0.000182015920506187 ...
        -7.17502647645392e-05 5.985859480069e-05 0.000176918261119543 ...
        0.000247012215031894 0.000250172854451099 0.000184555334669454 ...
        6.72129854560431e-05 -7.0321757346943e-05 -0.000190500016729483 ...
